{
  "heisenberg_xxx_16": {
    "reference_energy": -6.911737145575103,
    "reference_energy_per_site": -0.4319835715984439,
    "nsites": 16,
    "shape": [
      16,
      1
    ],
    "wall_seconds": null,
    "max_bond_realized": null,
    "history": [],
    "config": {
      "method": "exact_sparse_groundstate"
    },
    "reference_kind": "exact_sparse_groundstate",
    "mutual_information_matrix": [
      [
        0.0,
        1.3933796325618617,
        0.2049326487314358,
        0.16071499404335876,
        0.053172924172379954,
        0.05684745822563375,
        0.022985893888162856,
        0.027882827946410504,
        0.012115598195987065,
        0.016136377187158324,
        0.0069715119620048505,
        0.010247762812348515,
        0.004004948695715438,
        0.0067612615118537445,
        0.0018905834312414882,
        0.004233337075499
      ],
      [
        1.3933796325618617,
        0.0,
        0.28120171554099693,
        0.13187919767367173,
        0.029496954650204188,
        0.03312032887541827,
        0.0105452688361245,
        0.014327652082192444,
        0.005206154583592415,
        0.007782735239492133,
        0.0029165685808809627,
        0.004763700586525088,
        0.0016587654005562058,
        0.0030701561492796348,
        0.0007838218739375513,
        0.0018905834312414882
      ],
      [
        0.2049326487314358,
        0.28120171554099693,
        0.0,
        1.0298739558334375,
        0.17625160861380484,
        0.13659879469554737,
        0.049208035967584385,
        0.05316435406596254,
        0.0223334792690415,
        0.027967808787097814,
        0.011981134890223233,
        0.016943110813385287,
        0.006633219937605794,
        0.010910716321685499,
        0.003070156149279857,
        0.006761261511854411
      ],
      [
        0.16071499404335876,
        0.13187919767367173,
        1.0298739558334375,
        0.0,
        0.3615743409734733,
        0.1531095018868518,
        0.03893063395770535,
        0.041508042380046906,
        0.013977129636458141,
        0.019028118985731535,
        0.006836104551927846,
        0.010735836036257496,
        0.003632421323346291,
        0.006633219937605794,
        0.0016587654005562058,
        0.004004948695716326
      ],
      [
        0.053172924172379954,
        0.029496954650204188,
        0.17625160861380484,
        0.3615743409734733,
        0.0,
        0.9411617684938156,
        0.16878745687937702,
        0.12842550951091591,
        0.04702511742075455,
        0.05160759965597528,
        0.02110923696053013,
        0.02784136456511499,
        0.010735836036257718,
        0.016943110813385065,
        0.00476370058652531,
        0.01024776281234896
      ],
      [
        0.05684745822563375,
        0.03312032887541827,
        0.13659879469554737,
        0.1531095018868518,
        0.9411617684938156,
        0.0,
        0.3925957534316187,
        0.16035152372878114,
        0.04226050871359899,
        0.04489081010360785,
        0.014845093407107601,
        0.021109236960530353,
        0.006836104551927846,
        0.01198113489022301,
        0.0029165685808809627,
        0.0069715119620052945
      ],
      [
        0.022985893888162856,
        0.0105452688361245,
        0.049208035967584385,
        0.03893063395770535,
        0.16878745687937702,
        0.3925957534316187,
        0.0,
        0.9109498379450067,
        0.16458796139492549,
        0.12623821188153128,
        0.04489081010360696,
        0.051607599655973946,
        0.019028118985730202,
        0.027967808787096926,
        0.0077827352394923555,
        0.01613637718715788
      ],
      [
        0.027882827946410504,
        0.014327652082192444,
        0.05316435406596254,
        0.041508042380046906,
        0.12842550951091591,
        0.16035152372878114,
        0.9109498379450067,
        0.0,
        0.40123799537553984,
        0.16458796139492637,
        0.04226050871359899,
        0.047025117420755214,
        0.013977129636458585,
        0.022333479269041057,
        0.005206154583593303,
        0.012115598195987953
      ],
      [
        0.012115598195987065,
        0.005206154583592415,
        0.0223334792690415,
        0.013977129636458141,
        0.04702511742075455,
        0.04226050871359899,
        0.16458796139492549,
        0.40123799537553984,
        0.0,
        0.9109498379450092,
        0.16035152372877937,
        0.12842550951091414,
        0.04150804238004602,
        0.053164354065961206,
        0.014327652082192222,
        0.027882827946409616
      ],
      [
        0.016136377187158324,
        0.007782735239492133,
        0.027967808787097814,
        0.019028118985731535,
        0.05160759965597528,
        0.04489081010360785,
        0.12623821188153128,
        0.16458796139492637,
        0.9109498379450092,
        0.0,
        0.3925957534316147,
        0.16878745687937702,
        0.03893063395770402,
        0.04920803596758372,
        0.010545268836124722,
        0.022985893888162856
      ],
      [
        0.0069715119620048505,
        0.0029165685808809627,
        0.011981134890223233,
        0.006836104551927846,
        0.02110923696053013,
        0.014845093407107601,
        0.04489081010360696,
        0.04226050871359899,
        0.16035152372877937,
        0.3925957534316147,
        0.0,
        0.9411617684938212,
        0.1531095018868509,
        0.1365987946955456,
        0.033120328875418936,
        0.05684745822563375
      ],
      [
        0.010247762812348515,
        0.004763700586525088,
        0.016943110813385287,
        0.010735836036257496,
        0.02784136456511499,
        0.021109236960530353,
        0.051607599655973946,
        0.047025117420755214,
        0.12842550951091414,
        0.16878745687937702,
        0.9411617684938212,
        0.0,
        0.3615743409734711,
        0.17625160861380262,
        0.029496954650204188,
        0.05317292417237973
      ],
      [
        0.004004948695715438,
        0.0016587654005562058,
        0.006633219937605794,
        0.003632421323346291,
        0.010735836036257718,
        0.006836104551927846,
        0.019028118985730202,
        0.013977129636458585,
        0.04150804238004602,
        0.03893063395770402,
        0.1531095018868509,
        0.3615743409734711,
        0.0,
        1.0298739558334398,
        0.1318791976736724,
        0.16071499404335898
      ],
      [
        0.0067612615118537445,
        0.0030701561492796348,
        0.010910716321685499,
        0.006633219937605794,
        0.016943110813385065,
        0.01198113489022301,
        0.027967808787096926,
        0.022333479269041057,
        0.053164354065961206,
        0.04920803596758372,
        0.1365987946955456,
        0.17625160861380262,
        1.0298739558334398,
        0.0,
        0.2812017155409934,
        0.20493264873143424
      ],
      [
        0.0018905834312414882,
        0.0007838218739375513,
        0.003070156149279857,
        0.0016587654005562058,
        0.00476370058652531,
        0.0029165685808809627,
        0.0077827352394923555,
        0.005206154583593303,
        0.014327652082192222,
        0.010545268836124722,
        0.033120328875418936,
        0.029496954650204188,
        0.1318791976736724,
        0.2812017155409934,
        0.0,
        1.3933796325618681
      ],
      [
        0.004233337075499,
        0.0018905834312414882,
        0.006761261511854411,
        0.004004948695716326,
        0.01024776281234896,
        0.0069715119620052945,
        0.01613637718715788,
        0.012115598195987953,
        0.027882827946409616,
        0.022985893888162856,
        0.05684745822563375,
        0.05317292417237973,
        0.16071499404335898,
        0.20493264873143424,
        1.3933796325618681,
        0.0
      ]
    ]
  },
  "xxz_gapless_16": {
    "reference_energy": -5.835388676280272,
    "reference_energy_per_site": -0.364711792267517,
    "nsites": 16,
    "shape": [
      16,
      1
    ],
    "wall_seconds": null,
    "max_bond_realized": null,
    "history": [],
    "config": {
      "method": "exact_sparse_groundstate"
    },
    "reference_kind": "exact_sparse_groundstate",
    "mutual_information_matrix": [
      [
        0.0,
        1.3578092657811238,
        0.23088576306824948,
        0.1808086316040869,
        0.07239246023173496,
        0.07279926604091003,
        0.03607457459258945,
        0.039588485875829305,
        0.021255052822146903,
        0.024837239181783266,
        0.013399920186401237,
        0.016775640114820245,
        0.008329859397958383,
        0.011571685735783932,
        0.004240102884587538,
        0.007477724089464788
      ],
      [
        1.3578092657811238,
        0.0,
        0.3061966471146378,
        0.15309911914790542,
        0.04777511231764242,
        0.047917743466736384,
        0.021342872641934907,
        0.02415695458064282,
        0.012150761674184718,
        0.014650007419758415,
        0.007555347086639852,
        0.009714224446439879,
        0.004670612678714159,
        0.006623012058109667,
        0.0023760367971439322,
        0.00424010288458776
      ],
      [
        0.23088576306824948,
        0.3061966471146378,
        0.0,
        0.9911033954541821,
        0.20308159419129734,
        0.15839576829414725,
        0.06955297189197651,
        0.0707131713923117,
        0.03643491512971453,
        0.041051456852112755,
        0.021793921514312364,
        0.0267053109298363,
        0.013190372004215467,
        0.018067457385847696,
        0.006623012058109667,
        0.01157168573578371
      ],
      [
        0.1808086316040869,
        0.15309911914790542,
        0.9911033954541821,
        0.0,
        0.3919197200723843,
        0.17856485152628432,
        0.06199973598809283,
        0.06021825363259481,
        0.028029760141951687,
        0.031961597829978095,
        0.015887476981789828,
        0.019943199906856002,
        0.009388930695856557,
        0.013190372004215689,
        0.004670612678715047,
        0.008329859397958828
      ],
      [
        0.07239246023173496,
        0.04777511231764242,
        0.20308159419129734,
        0.3919197200723843,
        0.0,
        0.9031738826418358,
        0.19599762145913968,
        0.15074605525726836,
        0.06754615171063238,
        0.06967007231441014,
        0.0351170406734298,
        0.041274216203151415,
        0.019943199906855558,
        0.026705310929835413,
        0.009714224446439435,
        0.016775640114820467
      ],
      [
        0.07279926604091003,
        0.047917743466736384,
        0.15839576829414725,
        0.17856485152628432,
        0.9031738826418358,
        0.0,
        0.4244605356893911,
        0.18710402662932157,
        0.06678188805972751,
        0.06496403946681717,
        0.02966953733406541,
        0.03511704067342958,
        0.015887476981789828,
        0.02179392151431281,
        0.007555347086639852,
        0.013399920186401904
      ],
      [
        0.03607457459258945,
        0.021342872641934907,
        0.06955297189197651,
        0.06199973598809283,
        0.19599762145913968,
        0.4244605356893911,
        0.0,
        0.8735475121253462,
        0.19177883269930907,
        0.14868272953800155,
        0.0649640394668165,
        0.06967007231440947,
        0.031961597829978095,
        0.041051456852112755,
        0.014650007419758193,
        0.024837239181783488
      ],
      [
        0.039588485875829305,
        0.02415695458064282,
        0.0707131713923117,
        0.06021825363259481,
        0.15074605525726836,
        0.18710402662932157,
        0.8735475121253462,
        0.0,
        0.4334527636074985,
        0.19177883269930884,
        0.06678188805972729,
        0.06754615171063261,
        0.028029760141951465,
        0.03643491512971453,
        0.012150761674184718,
        0.02125505282214668
      ],
      [
        0.021255052822146903,
        0.012150761674184718,
        0.03643491512971453,
        0.028029760141951687,
        0.06754615171063238,
        0.06678188805972751,
        0.19177883269930907,
        0.4334527636074985,
        0.0,
        0.8735475121253458,
        0.18710402662932157,
        0.1507460552572688,
        0.060218253632594365,
        0.07071317139231192,
        0.024156954580643042,
        0.03958848587582864
      ],
      [
        0.024837239181783266,
        0.014650007419758415,
        0.041051456852112755,
        0.031961597829978095,
        0.06967007231441014,
        0.06496403946681717,
        0.14868272953800155,
        0.19177883269930884,
        0.8735475121253458,
        0.0,
        0.424460535689386,
        0.19599762145913946,
        0.061999735988092386,
        0.06955297189197651,
        0.021342872641934685,
        0.036074574592589226
      ],
      [
        0.013399920186401237,
        0.007555347086639852,
        0.021793921514312364,
        0.015887476981789828,
        0.0351170406734298,
        0.02966953733406541,
        0.0649640394668165,
        0.06678188805972729,
        0.18710402662932157,
        0.424460535689386,
        0.0,
        0.9031738826418352,
        0.17856485152628343,
        0.15839576829414748,
        0.04791774346673705,
        0.07279926604091003
      ],
      [
        0.016775640114820245,
        0.009714224446439879,
        0.0267053109298363,
        0.019943199906856002,
        0.041274216203151415,
        0.03511704067342958,
        0.06967007231440947,
        0.06754615171063261,
        0.1507460552572688,
        0.19599762145913946,
        0.9031738826418352,
        0.0,
        0.39191972007238474,
        0.20308159419129757,
        0.047775112317642865,
        0.07239246023173562
      ],
      [
        0.008329859397958383,
        0.004670612678714159,
        0.013190372004215467,
        0.009388930695856557,
        0.019943199906855558,
        0.015887476981789828,
        0.031961597829978095,
        0.028029760141951465,
        0.060218253632594365,
        0.061999735988092386,
        0.17856485152628343,
        0.39191972007238474,
        0.0,
        0.9911033954541786,
        0.1530991191479052,
        0.18080863160408733
      ],
      [
        0.011571685735783932,
        0.006623012058109667,
        0.018067457385847696,
        0.013190372004215689,
        0.026705310929835413,
        0.02179392151431281,
        0.041051456852112755,
        0.03643491512971453,
        0.07071317139231192,
        0.06955297189197651,
        0.15839576829414748,
        0.20308159419129757,
        0.9911033954541786,
        0.0,
        0.30619664711463646,
        0.23088576306824882
      ],
      [
        0.004240102884587538,
        0.0023760367971439322,
        0.006623012058109667,
        0.004670612678715047,
        0.009714224446439435,
        0.007555347086639852,
        0.014650007419758193,
        0.012150761674184718,
        0.024156954580643042,
        0.021342872641934685,
        0.04791774346673705,
        0.047775112317642865,
        0.1530991191479052,
        0.30619664711463646,
        0.0,
        1.3578092657811398
      ],
      [
        0.007477724089464788,
        0.00424010288458776,
        0.01157168573578371,
        0.008329859397958828,
        0.016775640114820467,
        0.013399920186401904,
        0.024837239181783488,
        0.02125505282214668,
        0.03958848587582864,
        0.036074574592589226,
        0.07279926604091003,
        0.07239246023173562,
        0.18080863160408733,
        0.23088576306824882,
        1.3578092657811398,
        0.0
      ]
    ]
  },
  "tfim_critical_16": {
    "reference_energy": -5.004096975121282,
    "reference_energy_per_site": -0.3127560609450801,
    "nsites": 16,
    "shape": [
      16,
      1
    ],
    "wall_seconds": null,
    "max_bond_realized": null,
    "history": [],
    "config": {
      "method": "exact_sparse_groundstate"
    },
    "reference_kind": "exact_sparse_groundstate",
    "mutual_information_matrix": [
      [
        0.0,
        0.47466141691442215,
        0.21766614068776813,
        0.1380403866033758,
        0.09839665703331213,
        0.07476113365673487,
        0.05907031998949486,
        0.0478499781918974,
        0.03935949300306141,
        0.03262840898111996,
        0.027067805903164155,
        0.022291900179765234,
        0.018026769775514095,
        0.014058831047272013,
        0.01021355703941762,
        0.006751138866634365
      ],
      [
        0.47466141691442215,
        0.0,
        0.45176134789815436,
        0.24285902076337373,
        0.16479414012423432,
        0.12215786618182722,
        0.09515988735144276,
        0.07639668552175327,
        0.062460038938685125,
        0.05155196410320295,
        0.04262278463709279,
        0.03500435064247687,
        0.028232489104079495,
        0.02195012400660623,
        0.01585982590869528,
        0.010213557039410959
      ],
      [
        0.21766614068776813,
        0.45176134789815436,
        0.0,
        0.46438175906488144,
        0.26527214815243694,
        0.18508845243365069,
        0.1396857122355386,
        0.11004954277100953,
        0.08888284174304895,
        0.07274797441649339,
        0.059786529742692274,
        0.048880730115786974,
        0.039288419489128756,
        0.030460117840950263,
        0.021950124006621996,
        0.014058831047274234
      ],
      [
        0.1380403866033758,
        0.24285902076337373,
        0.46438175906488144,
        0.0,
        0.47232887820975766,
        0.27845243933742525,
        0.19730277108942773,
        0.15031377676087931,
        0.118975295124357,
        0.09610307276270214,
        0.0782668970638507,
        0.06357608056752584,
        0.05085704132682012,
        0.039288419489124315,
        0.028232489104082603,
        0.018026769775508766
      ],
      [
        0.09839665703331213,
        0.16479414012423432,
        0.26527214815243694,
        0.47232887820975766,
        0.0,
        0.47720534137968373,
        0.2863486264154347,
        0.20457069155442853,
        0.15643344430973083,
        0.12375088988733318,
        0.0994183038495795,
        0.08000460338649229,
        0.0635760805675365,
        0.048880730115785864,
        0.03500435064249041,
        0.022291900179771007
      ],
      [
        0.07476113365673487,
        0.12215786618182722,
        0.18508845243365069,
        0.27845243933742525,
        0.47720534137968373,
        0.0,
        0.4801419326173644,
        0.29088159367062394,
        0.20845727667862324,
        0.15924608981238686,
        0.1252566478088566,
        0.09941830384957107,
        0.07826689706385026,
        0.05978652974268672,
        0.04262278463709812,
        0.027067805903167264
      ],
      [
        0.05907031998949486,
        0.09515988735144276,
        0.1396857122355386,
        0.19730277108942773,
        0.2863486264154347,
        0.4801419326173644,
        0.0,
        0.4817220649074071,
        0.29296229946950003,
        0.20968276573028888,
        0.15924608981238197,
        0.12375088988732275,
        0.09610307276270103,
        0.07274797441648428,
        0.05155196410320184,
        0.03262840898111752
      ],
      [
        0.0478499781918974,
        0.07639668552175327,
        0.11004954277100953,
        0.15031377676087931,
        0.20457069155442853,
        0.29088159367062394,
        0.4817220649074071,
        0.0,
        0.4822216186887166,
        0.2929622994695036,
        0.20845727667862013,
        0.15643344430972084,
        0.11897529512435723,
        0.0888828417430394,
        0.06246003893869023,
        0.03935949300305874
      ],
      [
        0.03935949300306141,
        0.062460038938685125,
        0.08888284174304895,
        0.118975295124357,
        0.15643344430973083,
        0.20845727667862324,
        0.29296229946950003,
        0.4822216186887166,
        0.0,
        0.48172206490741454,
        0.29088159367062283,
        0.20457069155441965,
        0.1503137767608833,
        0.11004954277100087,
        0.0763966855217606,
        0.047849978191902176
      ],
      [
        0.03262840898111996,
        0.05155196410320295,
        0.07274797441649339,
        0.09610307276270214,
        0.12375088988733318,
        0.15924608981238686,
        0.20968276573028888,
        0.2929622994695036,
        0.48172206490741454,
        0.0,
        0.4801419326173658,
        0.28634862641543024,
        0.19730277108943373,
        0.1396857122355346,
        0.09515988735145453,
        0.05907031998949075
      ],
      [
        0.027067805903164155,
        0.04262278463709279,
        0.059786529742692274,
        0.0782668970638507,
        0.0994183038495795,
        0.1252566478088566,
        0.15924608981238197,
        0.20845727667862013,
        0.29088159367062283,
        0.4801419326173658,
        0.0,
        0.47720534137967474,
        0.27845243933742836,
        0.18508845243364802,
        0.12215786618183477,
        0.07476113365673542
      ],
      [
        0.022291900179765234,
        0.03500435064247687,
        0.048880730115786974,
        0.06357608056752584,
        0.08000460338649229,
        0.09941830384957107,
        0.12375088988732275,
        0.15643344430972084,
        0.20457069155441965,
        0.28634862641543024,
        0.47720534137967474,
        0.0,
        0.47232887820975145,
        0.26527214815242406,
        0.16479414012423232,
        0.09839665703330935
      ],
      [
        0.018026769775514095,
        0.028232489104079495,
        0.039288419489128756,
        0.05085704132682012,
        0.0635760805675365,
        0.07826689706385026,
        0.09610307276270103,
        0.11897529512435723,
        0.1503137767608833,
        0.19730277108943373,
        0.27845243933742836,
        0.47232887820975145,
        0.0,
        0.46438175906487755,
        0.2428590207633845,
        0.13804038660336726
      ],
      [
        0.014058831047272013,
        0.02195012400660623,
        0.030460117840950263,
        0.039288419489124315,
        0.048880730115785864,
        0.05978652974268672,
        0.07274797441648428,
        0.0888828417430394,
        0.11004954277100087,
        0.1396857122355346,
        0.18508845243364802,
        0.26527214815242406,
        0.46438175906487755,
        0.0,
        0.45176134789816,
        0.21766614068775514
      ],
      [
        0.01021355703941762,
        0.01585982590869528,
        0.021950124006621996,
        0.028232489104082603,
        0.03500435064249041,
        0.04262278463709812,
        0.05155196410320184,
        0.06246003893869023,
        0.0763966855217606,
        0.09515988735145453,
        0.12215786618183477,
        0.16479414012423232,
        0.2428590207633845,
        0.45176134789816,
        0.0,
        0.474661416914414
      ],
      [
        0.006751138866634365,
        0.010213557039410959,
        0.014058831047274234,
        0.018026769775508766,
        0.022291900179771007,
        0.027067805903167264,
        0.03262840898111752,
        0.03935949300305874,
        0.047849978191902176,
        0.05907031998949075,
        0.07476113365673542,
        0.09839665703330935,
        0.13804038660336726,
        0.21766614068775514,
        0.474661416914414,
        0.0
      ]
    ]
  },
  "xx_critical_16": {
    "reference_energy": -4.918975723729717,
    "reference_energy_per_site": -0.3074359827331073,
    "nsites": 16,
    "shape": [
      16,
      1
    ],
    "wall_seconds": null,
    "max_bond_realized": null,
    "history": [],
    "config": {
      "method": "exact_sparse_groundstate"
    },
    "reference_kind": "exact_sparse_groundstate",
    "mutual_information_matrix": [
      [
        0.0,
        1.2403808085771861,
        0.3188637973242181,
        0.24622430604704948,
        0.13450640155904714,
        0.12137354339532713,
        0.07891882147099216,
        0.07568818766989738,
        0.05254605158250003,
        0.05262023781441094,
        0.036848458608456536,
        0.03857928292253576,
        0.02550381460291007,
        0.02857908714586621,
        0.014865954009651627,
        0.02036342916652556
      ],
      [
        1.2403808085771861,
        0.0,
        0.3863122459876953,
        0.22355817706995396,
        0.11010707933705666,
        0.095861805973815,
        0.06001735070353287,
        0.057271413768388735,
        0.03892271446167728,
        0.03907693951467173,
        0.026975285221720435,
        0.02838105911263722,
        0.018565497813809673,
        0.020920419855654737,
        0.010797599305185202,
        0.014865954009652071
      ],
      [
        0.3188637973242181,
        0.3863122459876953,
        0.0,
        0.8718622801058125,
        0.2820224028565854,
        0.21892581251877719,
        0.12890037620753825,
        0.118241513474864,
        0.07906186186081055,
        0.07764292855382915,
        0.05340802922792909,
        0.05535724558676236,
        0.03625823766655056,
        0.040407823435435475,
        0.02092041985565496,
        0.028579087145866877
      ],
      [
        0.24622430604704948,
        0.22355817706995396,
        0.8718622801058125,
        0.0,
        0.4758918580692051,
        0.2565890206154593,
        0.13535151700812853,
        0.11662360016221962,
        0.07504054904546842,
        0.0723674483198713,
        0.04871703466357813,
        0.050295182912461156,
        0.03246024816609894,
        0.0362582376665499,
        0.01856549781380945,
        0.02550381460291007
      ],
      [
        0.13450640155904714,
        0.11010707933705666,
        0.2820224028565854,
        0.4758918580692051,
        0.0,
        0.7972470328033536,
        0.27510407637852685,
        0.21173358581088264,
        0.12689605205561993,
        0.11774927418536896,
        0.07757460780220415,
        0.07837802590705478,
        0.050295182912460934,
        0.05535724558676214,
        0.028381059112636997,
        0.038579282922535985
      ],
      [
        0.12137354339532713,
        0.095861805973815,
        0.21892581251877719,
        0.2565890206154593,
        0.7972470328033536,
        0.0,
        0.5064797097392446,
        0.26645279874627503,
        0.14284066231653947,
        0.12367507527500066,
        0.07841215620318898,
        0.07757460780220482,
        0.04871703466357813,
        0.05340802922792953,
        0.026975285221720435,
        0.03684845860845698
      ],
      [
        0.07891882147099216,
        0.06001735070353287,
        0.12890037620753825,
        0.13535151700812853,
        0.27510407637852685,
        0.5064797097392446,
        0.0,
        0.7737548884493195,
        0.27121143516686286,
        0.2098908094008456,
        0.12367507527499999,
        0.11774927418536829,
        0.07236744831987152,
        0.07764292855382848,
        0.03907693951467173,
        0.052620237814411386
      ],
      [
        0.07568818766989738,
        0.057271413768388735,
        0.118241513474864,
        0.11662360016221962,
        0.21173358581088264,
        0.26645279874627503,
        0.7737548884493195,
        0.0,
        0.5145590568038039,
        0.2712114351668633,
        0.14284066231653902,
        0.12689605205562016,
        0.07504054904546864,
        0.0790618618608101,
        0.03892271446167728,
        0.05254605158250025
      ],
      [
        0.05254605158250003,
        0.03892271446167728,
        0.07906186186081055,
        0.07504054904546842,
        0.12689605205561993,
        0.14284066231653947,
        0.27121143516686286,
        0.5145590568038039,
        0.0,
        0.7737548884493237,
        0.2664527987462746,
        0.2117335858108822,
        0.11662360016221918,
        0.11824151347486422,
        0.05727141376838851,
        0.0756881876698976
      ],
      [
        0.05262023781441094,
        0.03907693951467173,
        0.07764292855382915,
        0.0723674483198713,
        0.11774927418536896,
        0.12367507527500066,
        0.2098908094008456,
        0.2712114351668633,
        0.7737548884493237,
        0.0,
        0.5064797097392455,
        0.2751040763785273,
        0.13535151700812875,
        0.1289003762075389,
        0.060017350703533534,
        0.07891882147099238
      ],
      [
        0.036848458608456536,
        0.026975285221720435,
        0.05340802922792909,
        0.04871703466357813,
        0.07757460780220415,
        0.07841215620318898,
        0.12367507527499999,
        0.14284066231653902,
        0.2664527987462746,
        0.5064797097392455,
        0.0,
        0.7972470328033494,
        0.25658902061545996,
        0.21892581251877674,
        0.09586180597381455,
        0.12137354339532713
      ],
      [
        0.03857928292253576,
        0.02838105911263722,
        0.05535724558676236,
        0.050295182912461156,
        0.07837802590705478,
        0.07757460780220482,
        0.11774927418536829,
        0.12689605205562016,
        0.2117335858108822,
        0.2751040763785273,
        0.7972470328033494,
        0.0,
        0.47589185806920353,
        0.2820224028565852,
        0.11010707933705621,
        0.1345064015590478
      ],
      [
        0.02550381460291007,
        0.018565497813809673,
        0.03625823766655056,
        0.03246024816609894,
        0.050295182912460934,
        0.04871703466357813,
        0.07236744831987152,
        0.07504054904546864,
        0.11662360016221918,
        0.13535151700812875,
        0.25658902061545996,
        0.47589185806920353,
        0.0,
        0.8718622801058136,
        0.2235581770699535,
        0.2462243060470497
      ],
      [
        0.02857908714586621,
        0.020920419855654737,
        0.040407823435435475,
        0.0362582376665499,
        0.05535724558676214,
        0.05340802922792953,
        0.07764292855382848,
        0.0790618618608101,
        0.11824151347486422,
        0.1289003762075389,
        0.21892581251877674,
        0.2820224028565852,
        0.8718622801058136,
        0.0,
        0.38631224598769554,
        0.3188637973242181
      ],
      [
        0.014865954009651627,
        0.010797599305185202,
        0.02092041985565496,
        0.01856549781380945,
        0.028381059112636997,
        0.026975285221720435,
        0.03907693951467173,
        0.03892271446167728,
        0.05727141376838851,
        0.060017350703533534,
        0.09586180597381455,
        0.11010707933705621,
        0.2235581770699535,
        0.38631224598769554,
        0.0,
        1.2403808085771897
      ],
      [
        0.02036342916652556,
        0.014865954009652071,
        0.028579087145866877,
        0.02550381460291007,
        0.038579282922535985,
        0.03684845860845698,
        0.052620237814411386,
        0.05254605158250025,
        0.0756881876698976,
        0.07891882147099238,
        0.12137354339532713,
        0.1345064015590478,
        0.2462243060470497,
        0.3188637973242181,
        1.2403808085771897,
        0.0
      ]
    ]
  }
}